1.513500355305848643e+03 1.002727094949557252e+00
1.513501036500143528e+03 9.991926130987878185e-01
1.513501717594321235e+03 1.002413893169772363e+00
1.513502398688615358e+03 9.988637335928096661e-01
1.513503079782916757e+03 1.002051295728422886e+00
1.513503760877210880e+03 1.000121397862621553e+00
1.513504441971388587e+03 9.992526892599690180e-01
1.513505123165683472e+03 1.002532891055191389e+00
1.513505804259977594e+03 1.000017641824008763e+00
1.513506485354162578e+03 1.001698727857767146e+00
1.513507166548457462e+03 1.002456805093822956e+00
1.513507847642751585e+03 9.992540926570288029e-01
1.513508528637044947e+03 9.977702023625355521e-01
1.513509209831223416e+03 1.000635389722553281e+00
1.513509890925524815e+03 9.993250907072763756e-01
1.513510572019818937e+03 1.000930474764033518e+00
1.513511253213997406e+03 9.984804809252608715e-01
1.513511934308291529e+03 9.987744417276382958e-01
1.513512615502586414e+03 9.981512600626089027e-01
1.513513296596880537e+03 1.000421887268515775e+00
1.513513977591064759e+03 9.996317915324254288e-01
1.513514658685358881e+03 9.973244466909413353e-01
1.513515339879653766e+03 1.000522808035289923e+00
1.513516020973947889e+03 1.000916358152272201e+00
1.513516702068125596e+03 9.987268769977616367e-01
1.513517383262427757e+03 9.982150659879210908e-01
1.513518064356721879e+03 1.001400158241182448e+00
1.513518745450899587e+03 1.001466661105897771e+00
1.513519426645194471e+03 9.985047703641219963e-01
1.513520107639487833e+03 9.987614436412175500e-01
1.513520788733789232e+03 1.000286357891895017e+00
1.513521469928084116e+03 9.999325338454813084e-01
1.513522151022261824e+03 9.987698061457060961e-01
1.513522832116555946e+03 1.003173606108376248e+00
1.513523513210850069e+03 9.996915202752133522e-01
1.513524194405144954e+03 9.997662770375336239e-01
1.513524875499329937e+03 1.001111403318755588e+00
1.513525556593624060e+03 1.003834430321500326e+00
1.513526237687918183e+03 1.000170251589082682e+00
1.513526918782212306e+03 9.996654877339027356e-01
1.513527599876390013e+03 1.001108303564528290e+00
1.513528281070692174e+03 9.977239455687552105e-01
1.513528962164986297e+03 9.993001389673334955e-01
1.513529643259280419e+03 1.001177803195125282e+00
1.513530324453575304e+03 9.976776386127714780e-01
1.513531005447752250e+03 9.996281097514247982e-01
1.513531686542053649e+03 9.995362150878422947e-01
1.513532367636347772e+03 9.996829652059022742e-01
1.513533048830642656e+03 1.001193683805472023e+00
1.513533729924936779e+03 1.000232405642035527e+00
1.513534411019114486e+03 1.003328806467843615e+00
1.513535092213409371e+03 9.996451268155345238e-01
1.513535773307710770e+03 1.001016895889122793e+00
1.513536454302004131e+03 9.972345873547817652e-01
1.513537135496299015e+03 9.987077986497846505e-01
1.513537816590476723e+03 1.001482682582101047e+00
1.513538497684778122e+03 1.000357217406531163e+00
1.513539178879073006e+03 9.991221181323675093e-01
1.513539859973367129e+03 1.000441766921341458e+00
1.513540541167662013e+03 9.994289669870790593e-01
1.513541222261956136e+03 9.974254020820859656e-01
1.513541903356250259e+03 1.000725720169396205e+00
1.513542584350434481e+03 9.985763447781540458e-01
1.513543265544729366e+03 9.999336166979462259e-01
1.513543946639023488e+03 9.994709006365287696e-01
1.513544627833318373e+03 9.997234785437314475e-01
1.513545308927612496e+03 1.002406177611697258e+00
1.513545990021797479e+03 1.000528497456375510e+00
1.513546671216092363e+03 1.002372118755547437e+00
1.513547352310386486e+03 9.980427350851002188e-01
1.513548033304679848e+03 9.995585015461493361e-01
1.513548714498974732e+03 9.996189281430835072e-01
1.513549395593268855e+03 1.000797755408325607e+00
1.513550076687570254e+03 9.996904299361586421e-01
1.513550757781864377e+03 1.000633714516951711e+00
1.513551438976042846e+03 1.000369770551319704e+00
1.513552120070336969e+03 9.984867139035390471e-01
1.513552801164631092e+03 1.001075654408750681e+00
1.513553482258932490e+03 1.000771064112841335e+00
1.513554163353226613e+03 1.002743181595832089e+00
1.513554844447520736e+03 9.981767773967659130e-01
1.513555525641815620e+03 9.980240077566135959e-01
1.513556206736109743e+03 9.997529676795006148e-01
1.513556887830294727e+03 9.996380653898169211e-01
1.513557568924588850e+03 9.967877081513180082e-01
1.513558250118883734e+03 1.000088283187714699e+00
1.513558931213177857e+03 9.998817964303590156e-01
1.513559612207471218e+03 1.002328850216921863e+00
1.513560293401766103e+03 1.000955701034565770e+00
1.513560974496067502e+03 9.992406320902862404e-01
1.513561655590361624e+03 9.991334930168872530e-01
1.513562336784656509e+03 9.998098207614718458e-01
1.513563017878950632e+03 9.979864174650361353e-01
1.513563699073245516e+03 1.001869615712833728e+00
1.513564380167430500e+03 1.002423050879208244e+00
1.513565061161723861e+03 1.001595351183567795e+00
1.513565742256017984e+03 9.991475885447250738e-01
1.513566423450312868e+03 9.981150075125528875e-01
1.513567104544606991e+03 9.964431684830162839e-01
1.513567785738909151e+03 1.001108500897791354e+00
1.513568466833203274e+03 9.990978818175474396e-01
1.513569147927497397e+03 9.970434911557414237e-01
1.513569829121792282e+03 1.003299456633186759e+00
1.513570510116085643e+03 9.994563238769017532e-01
1.513571191210387042e+03 1.001283995764078227e+00
1.513571872304681165e+03 9.988605574105143825e-01
1.513572553498976049e+03 1.001121593965104362e+00
1.513573234593270172e+03 9.988429336003750159e-01
1.513573915787565056e+03 1.000389603069785416e+00
1.513574596881742764e+03 9.998569261143878117e-01
1.513575277976044163e+03 1.000872351398960802e+00
1.513575958970337524e+03 1.000690880517646209e+00
1.513576640164632408e+03 1.001751677962333220e+00
1.513577321258926531e+03 1.001821212036320796e+00
1.513578002353220654e+03 9.989028932407881811e-01
1.513578683547522814e+03 1.000765803351731487e+00
1.513579364641816937e+03 1.001313418197195215e+00
1.513580045736111060e+03 1.001257218542628502e+00
1.513580726930405945e+03 1.000345290480422644e+00
1.513581408024700067e+03 1.001876158007088291e+00
1.513582089019000705e+03 1.001469940596834807e+00
1.513582770213295589e+03 9.984474933797170548e-01
1.513583451307589712e+03 9.980461333825868531e-01
1.513584132401883835e+03 1.000005032808022776e+00
1.513584813496177958e+03 1.001968793264851554e+00
1.513585494690472842e+03 9.975307317068282664e-01
1.513586175784774241e+03 9.960513305389280259e-01
1.513586856879068364e+03 1.002896696634189899e+00
1.513587537973362487e+03 9.983977420641643175e-01
1.513588219067656610e+03 9.993181040992814568e-01
1.513588900161950733e+03 1.000351408328527869e+00
1.513589581356252893e+03 1.000149880795953239e+00
1.513590262450547016e+03 9.992062099061732594e-01
1.513590943544841139e+03 1.001501773704515319e+00
1.513591624739136023e+03 1.000241367555578575e+00
1.513592305833430146e+03 9.990787688605126116e-01
1.513592986827730783e+03 9.996042145954404656e-01
1.513593668022025668e+03 1.000412723554730654e+00
1.513594349116319790e+03 1.001124392014725917e+00
1.513595030210613913e+03 9.985653765855438957e-01
1.513595711404908798e+03 9.999082134521070087e-01
1.513596392499202921e+03 9.978729679757992743e-01
1.513597073593504319e+03 9.985719063896231207e-01
1.513597754787799204e+03 1.001202160353217074e+00
1.513598435782208981e+03 9.985371690743032325e-01
1.513599116876503103e+03 1.001778230577073714e+00
1.513599798070797988e+03 9.994514447079306807e-01
1.513600479165099387e+03 1.000914480771830650e+00
1.513601160259393509e+03 1.001046997567852426e+00
1.513601841453688394e+03 1.000522997162922145e+00
1.513602522547982517e+03 9.987491149171515703e-01
1.513603203642276640e+03 1.001220478882742793e+00
1.513603884836571524e+03 9.958480456188824048e-01
1.513604565830872161e+03 1.001895844053321882e+00
1.513605246925166284e+03 9.999188320520857598e-01
1.513605928119461169e+03 9.997674314240765359e-01
1.513606609213755291e+03 9.995281292204409862e-01
1.513607290308056690e+03 9.980835830065619696e-01
1.513607971502351575e+03 1.001477338233227377e+00
1.513608652596762113e+03 1.003578381398144037e+00
1.513609333691056236e+03 1.003915216909103014e+00
1.513610014785350359e+03 1.001682865630098895e+00
1.513610695879644481e+03 9.991695457310615369e-01
1.513611376973945880e+03 1.000784189547814007e+00
1.513612058068240003e+03 1.001781764068962355e+00
1.513612739262534888e+03 9.988698900857889695e-01
1.513613420356829010e+03 9.972445513033130204e-01
1.513614101451123133e+03 9.987969829129850208e-01
1.513614782645425294e+03 9.995745698700478910e-01
1.513615463639718655e+03 9.993544442317878751e-01
1.513616144734129193e+03 9.997416319595275880e-01
1.513616825828423316e+03 9.993959265761067634e-01
1.513617507022718200e+03 9.991538961674659713e-01
1.513618188117019599e+03 1.001898969110463167e+00
1.513618869311314484e+03 9.996878718722199686e-01
1.513619550405608607e+03 9.995279708745550273e-01
1.513620231499902729e+03 9.994956452396981383e-01
1.513620912494196091e+03 9.985500049126071476e-01
1.513621593688498251e+03 1.000619149178664458e+00
1.513622274782908789e+03 1.001104064225335932e+00
1.513622955877202912e+03 1.000104149927166786e+00
1.513623637071497797e+03 1.000390925559157429e+00
1.513624318165791919e+03 9.985832652669097698e-01
1.513624999360086804e+03 1.000874215619687924e+00
1.513625680454388203e+03 1.002695236913176968e+00
1.513626361648683087e+03 1.000865757915226029e+00
1.513627042543092102e+03 9.987053958269391796e-01
1.513627723737386987e+03 9.974730898121106915e-01
1.513628404831681109e+03 9.956341644778530231e-01
1.513629086025975994e+03 9.984066963385562765e-01
1.513629767120277393e+03 9.976143594029325268e-01
1.513630448214571516e+03 9.974465318241222400e-01
1.513631129408982815e+03 9.970810507777494447e-01
1.513631810503276938e+03 9.963449645175846969e-01
1.513632491497577576e+03 9.952069926111303255e-01
1.513633172691872460e+03 9.980124687310194531e-01
1.513643389406650385e+03 9.944692784561282028e-01
1.513644070400951023e+03 9.949456790574758847e-01
1.513644751595245907e+03 9.912595347476153007e-01
1.513645432689656445e+03 9.950081094336798992e-01
1.513646113783950568e+03 9.915211316963445931e-01
1.513646794978245453e+03 9.942831755605673338e-01
1.513647476072546851e+03 9.931170421553703331e-01
1.513648157266841736e+03 9.926061993144636997e-01
1.513648838361252274e+03 9.934295530150861753e-01
1.513649519355545635e+03 9.905309100509620546e-01
1.513650200449839758e+03 9.921562638861068928e-01
1.513650881644141919e+03 9.930005264518397823e-01
1.513651562738552457e+03 9.901768278959661718e-01
1.513652243932847341e+03 9.905065808875413991e-01
1.513652925027141464e+03 9.925817628640452028e-01
1.513653606121435587e+03 9.899551755017859112e-01
1.513654287315846886e+03 9.926938293304726768e-01
1.513654968310147524e+03 9.887599679398441088e-01
1.513655649404441647e+03 9.869964003935444152e-01
1.513656330498735770e+03 9.914966110880611971e-01
1.513657011693147069e+03 9.911369091429325096e-01
1.513657692787441192e+03 9.876161207895473026e-01
1.513658373981743352e+03 9.922190083705029195e-01
1.513659055076037475e+03 9.887060162765018978e-01
1.513659736170448014e+03 9.884673808799943062e-01
1.513660417164741375e+03 9.895889754986247899e-01
1.513661098359036259e+03 9.893950339802353167e-01
1.513661779453454074e+03 9.881676725074961531e-01
1.513662460547748196e+03 9.877872224844630455e-01
1.513663141742043081e+03 9.855295683982673305e-01
1.513663822836337204e+03 9.857542221151794903e-01
1.513664503930747742e+03 9.856989730124576798e-01
1.513665185125042626e+03 9.880400637511023154e-01
1.513665866219344025e+03 9.844931320201393277e-01
1.513666547213753802e+03 9.845487859184286483e-01
1.513667228408048686e+03 9.879039355007912526e-01
1.513667909502342809e+03 9.841256796908881554e-01
1.513668590596644208e+03 9.850320079421469588e-01
1.513669271791055507e+03 9.844636404453883660e-01
1.513669952885349630e+03 9.866799341457589412e-01
1.513670633979643753e+03 9.858451100847790416e-01
1.513671315074054291e+03 9.851264131995146611e-01
1.513671996168348414e+03 9.860691884473712365e-01
1.513672677262649813e+03 9.857129277710725557e-01
1.513673358357060351e+03 9.861457650279513709e-01
1.513674039551355236e+03 9.868285418244872043e-01
1.513674720645649359e+03 9.842610798562930752e-01
1.513675401740059897e+03 9.847549834738741348e-01
1.513676082934354781e+03 9.866805281268008487e-01
1.513676764028656180e+03 9.808148083090950653e-01
1.513677445023065957e+03 9.867377578951599393e-01
1.513678126117360080e+03 9.842462743483483267e-01
1.513678807311654964e+03 9.845815273105967824e-01
1.513679488406072778e+03 9.838540636328422240e-01
1.513680169600367662e+03 9.837280067746886347e-01
1.513680850694661785e+03 9.835308882478068782e-01
1.513681531789072324e+03 9.815981949810321794e-01
1.513682212983367208e+03 9.843748863688901451e-01
1.513682893977660569e+03 9.841080696164863362e-01
1.513683575072078384e+03 9.869782545395117124e-01
1.513684256266373268e+03 9.836136744755678007e-01
1.513684937360667391e+03 9.867562259038743511e-01
1.513685618455077929e+03 9.830218629806506403e-01
1.513686299649372813e+03 9.840862217370026643e-01
1.513686980743790627e+03 9.828712097224678867e-01
1.513687661938085512e+03 9.831961993828531865e-01
1.513688343032379635e+03 9.838065514533550493e-01
1.513689024026789411e+03 9.853060705678489128e-01
1.513689705121083534e+03 9.824264482176718882e-01
1.513690386315494834e+03 9.849525570602708502e-01
1.513691067409796233e+03 9.842113477090318474e-01
1.513691748504090356e+03 9.856872659471681564e-01
1.513692429698501655e+03 9.854316124397748400e-01
1.513693110792795778e+03 9.813353774940566376e-01
1.513693791887089901e+03 9.851989610263841568e-01
1.513694472981507715e+03 9.816919118520928134e-01
1.513695154075801838e+03 9.821079362986659955e-01
1.513695835170212376e+03 9.868758246668606349e-01
1.513696516364507261e+03 9.824970677258545448e-01
1.513697197458801384e+03 9.808077731131712440e-01
1.513697878553219198e+03 9.827656881723367821e-01
1.513698559647513321e+03 9.838184852625940779e-01
1.513699240841924620e+03 9.828345717380764235e-01
1.513699921836217982e+03 9.837667415219522038e-01
1.513700602930512105e+03 9.818300592161190998e-01
1.513701284124930680e+03 9.828815705314748463e-01
1.513701965219224803e+03 9.841499415434279419e-01
1.513702646313635341e+03 9.834002322106061289e-01
1.513703327507930226e+03 9.845010258289821348e-01
1.513704008602340764e+03 9.853390041632870133e-01
1.513704689696634887e+03 9.840498562621754486e-01
1.513705370691051940e+03 9.832222077782040159e-01
1.513706051885346824e+03 9.848531894391878705e-01
1.513706732979757362e+03 9.831539994701153917e-01
1.513707414174052246e+03 9.830744887243584307e-01
1.513708095268346369e+03 9.847317914507338621e-01
1.513708776362764183e+03 9.836200347937957833e-01
1.513709457557059068e+03 9.804373772180108304e-01
1.513710138651469606e+03 9.811082472417305134e-01
1.513710819845764490e+03 9.847517079519021443e-01
1.513711500740173506e+03 9.844597739863920616e-01
1.513712181934475666e+03 9.833802394510039457e-01
1.513712863028886204e+03 9.835339440841409653e-01
1.513713544223181088e+03 9.813751193261159855e-01
1.513714225317591627e+03 9.830346718505932335e-01
1.513714906411885750e+03 9.816006215045888217e-01
1.513715587606180634e+03 9.836392562985619703e-01
1.513716268700598448e+03 9.826825343582481498e-01
1.513716949694891809e+03 9.838002705973254436e-01
1.513717630889303109e+03 9.837732679650130763e-01
1.513718311983597232e+03 9.836354678873973079e-01
1.513718993078007770e+03 9.841947343576018525e-01
1.513719674272309931e+03 9.840187488526850323e-01
1.513720355366720469e+03 9.826416255498465757e-01
1.513721036461014592e+03 9.817523692822643921e-01
1.513721717555425130e+03 9.843267150386596498e-01
1.513722398649719253e+03 9.808746843782875091e-01
1.513723079744137067e+03 9.817188208207353606e-01
1.513723760838431190e+03 9.830378041820251322e-01
1.513724442032842489e+03 9.835685079280191978e-01
1.513725123127136612e+03 9.817394738678113519e-01
1.513725804221547151e+03 9.833606654185590434e-01
1.513726485415842035e+03 9.848009286900689663e-01
1.513727166510259849e+03 9.853465922455189041e-01
1.513727847504553210e+03 9.815674874253016435e-01
1.513728528598963749e+03 9.833946119211720571e-01
1.513729209793258633e+03 9.816025051604548857e-01
1.513729890887676447e+03 9.850209605123230183e-01
1.513730571982086985e+03 9.824191104206079217e-01
1.513731253176381870e+03 9.850257968689561938e-01
1.513731934270792408e+03 9.811788719284979532e-01
1.513732615365086531e+03 9.805029305043685417e-01
1.513733296559497830e+03 9.838539590049789618e-01
1.513733977553798468e+03 9.818853113433924085e-01
1.513734658648209006e+03 9.837347576292260198e-01
1.513735339842503890e+03 9.817753514548192006e-01
1.513736020936914429e+03 9.836363488173883729e-01
1.513736702031208551e+03 9.839012181199757734e-01
1.513737383225627127e+03 9.829415042302434014e-01
1.513738064319921250e+03 9.860860706406456844e-01
1.513738745514332550e+03 9.825481967067631883e-01
1.513739426508742326e+03 9.836983842662048172e-01
1.513740107603036449e+03 9.814368245874017793e-01
1.513740788697454263e+03 9.828279475860786096e-01
1.513741469891749148e+03 9.838590402024434134e-01
1.513742150986159686e+03 9.854594729786284590e-01
1.513742832180570986e+03 9.820613237215172209e-01
1.513743513274865109e+03 9.833880867794192460e-01
1.513744194369275647e+03 9.820001090856815829e-01
1.513744875363576284e+03 9.831444137921483417e-01
1.513745556557987584e+03 9.842784684198704337e-01
1.513746237652398122e+03 9.855774371118677379e-01
1.513746918846693006e+03 9.826966780087608155e-01
1.513747599941103545e+03 9.847307904101985088e-01
1.513748281035404943e+03 9.830979875607098739e-01
1.513748962129815482e+03 9.851276238084375469e-01
1.513749643324110366e+03 9.835430097905821789e-01
1.513750324418520904e+03 9.856581291404631351e-01
1.513751005412930681e+03 9.858392100122743695e-01
1.513751686607225565e+03 9.869348537364353025e-01
1.513752367701643379e+03 9.828761371501547606e-01
1.513753048796053918e+03 9.829325282278390530e-01
1.513753729990348802e+03 9.853059361037977970e-01
1.513754411084759340e+03 9.841207774647606765e-01
1.513755092179053463e+03 9.836933157489483603e-01
1.513755773273471277e+03 9.830117936743948404e-01
1.513756454367881815e+03 9.804541454647468512e-01
1.513757135462175938e+03 9.830192833808251152e-01
1.513757816556586477e+03 9.837540364591932374e-01
1.513758497750881361e+03 9.846843423843361087e-01
1.513759178845299175e+03 9.832093318095821433e-01
1.513759859939709713e+03 9.829156945296732006e-01
1.513760541134004598e+03 9.792765863785297675e-01
1.513761222228415136e+03 9.836085578678227526e-01
1.513761903222824913e+03 9.836100832473479993e-01
1.513762584417127073e+03 9.854020574204179761e-01
1.513763265511537611e+03 9.849966667155335420e-01
1.513763946605948149e+03 9.818509254631344607e-01
1.513764627800243034e+03 9.824927205789140139e-01
1.513765308894653572e+03 9.814387211630771768e-01
1.513765990089064871e+03 9.807756095236066507e-01
1.513766671183366270e+03 9.813392700762638698e-01
1.513767352177776047e+03 9.841176010170142874e-01
1.513768033272186585e+03 9.804143968412900589e-01
1.513768714466481470e+03 9.835529822912656428e-01
1.513769395560892008e+03 9.827062703855471426e-01
1.513770076655309822e+03 9.842016829244137899e-01
1.513770757849604706e+03 9.833151242743837228e-01
1.513771438944015244e+03 9.802506050479711242e-01
1.513772120138426544e+03 9.825688750677163963e-01
1.513772801232720667e+03 9.814017889088698654e-01
1.513773482227137720e+03 9.833644916534052260e-01
1.513774163321548258e+03 9.823483215747796926e-01
1.513774844515843142e+03 9.845373756476206717e-01
1.513775525610253680e+03 9.821651847375012512e-01
1.513776206704664219e+03 9.818110004360318666e-01
1.513776887899075518e+03 9.804205473917106950e-01
1.513777568993376917e+03 9.827203457028288458e-01
1.513778250087787455e+03 9.836048564515372794e-01
1.513778931182197994e+03 9.837448938161302836e-01
1.513779612276492117e+03 9.797897296416439028e-01
1.513780293370902655e+03 9.812785825120554639e-01
1.513780974565321230e+03 9.803225962307798858e-01
1.513781655659731769e+03 9.813900983912494658e-01
1.513782336754025891e+03 9.815009741920862618e-01
1.513783017848436430e+03 9.816244494047452473e-01
1.513783699042847729e+03 9.827652424029023059e-01
1.513784380037148367e+03 9.819909356169088666e-01
1.513785742325970205e+03 9.819385009152346022e-01
1.513786423420380743e+03 9.832624711274741136e-01
1.513787104514674866e+03 9.824279096332232397e-01
1.513787785709086165e+03 9.806258272369484663e-01
1.513788466803503979e+03 9.822832902330895788e-01
1.513789147897914518e+03 9.812849578072129209e-01
1.513789828892207879e+03 9.816506695744557920e-01
1.513790510086619179e+03 9.789486015705136657e-01
1.513791191181036993e+03 9.839842138594465659e-01
1.513791872375448293e+03 9.814877507803982937e-01
1.513792553469742415e+03 9.816895318535090453e-01
1.513793234564152954e+03 9.823144788079037903e-01
1.513793915758564253e+03 9.812986227492772606e-01
1.513794596852974792e+03 9.821085803848254026e-01
1.513795277947276190e+03 9.800169223976198385e-01
1.513795958941685967e+03 9.806869244035988364e-01
1.513796640136097267e+03 9.828538189751953036e-01
1.513797321230507805e+03 9.828365081399458303e-01
1.513798002424919105e+03 9.853313595480286402e-01
1.513798683519213228e+03 9.817020527052917611e-01
1.513799364613631042e+03 9.832637763323214264e-01
1.513800045808042341e+03 9.822784228481934443e-01
1.513800726902452880e+03 9.815693462684208503e-01
1.513801407896862656e+03 9.825074707080272418e-01
1.513802089091157541e+03 9.832097280286293817e-01
1.513802770185575355e+03 9.820979840681213213e-01
1.513803451279985893e+03 9.809669691647139311e-01
1.513804132474397193e+03 9.817110993670763452e-01
1.513804813568807731e+03 9.812015903932297389e-01
1.513805494663101854e+03 9.819941645772420902e-01
1.513806175757519668e+03 9.835976011984827183e-01
1.513806856851930206e+03 9.839219969931727316e-01
1.513807537946340744e+03 9.840449472916122930e-01
1.513808219140752044e+03 9.807786500106375760e-01
1.513808900235046167e+03 9.866480210946009244e-01
1.513809581329463981e+03 9.837466141622612792e-01
1.513810262423874519e+03 9.835371725566046663e-01
1.513810943618285819e+03 9.822242467058307502e-01
1.513811624712696357e+03 9.826593893190147533e-01
1.513812305707106134e+03 9.833552978668318456e-01
1.513812986901401018e+03 9.818136444497459481e-01
1.513813667995818832e+03 9.804824090525232627e-01
1.513814349090229371e+03 9.826915050057372092e-01
1.513815030184639909e+03 9.835377356688900230e-01
1.513815711379051208e+03 9.814628230246360552e-01
1.513816392473461747e+03 9.787563729708007587e-01
1.513817073667763907e+03 9.798396558743226459e-01
1.513817754762174445e+03 9.813887083224709373e-01
1.513818435756584222e+03 9.813843550005261207e-01
1.513819116850994760e+03 9.829605914820065404e-01
1.513819798045406060e+03 9.814665300510209134e-01
1.513820479139823874e+03 9.823470831136250636e-01
1.513821160234234412e+03 9.842353980083800025e-01
1.513821841428645712e+03 9.804436504599880475e-01
1.513822522522939835e+03 9.808378936254602554e-01
1.513823203717351134e+03 9.821514908567232638e-01
1.513823884711768187e+03 9.827418794577079675e-01
1.513824565806178725e+03 9.802929595419278552e-01
1.513825246900589264e+03 9.790805353883198503e-01
1.513825928095000563e+03 9.836529773420584766e-01
1.513826609189411101e+03 9.848985202777097436e-01
1.513827290383822401e+03 9.826957565729453892e-01
1.513827971478123800e+03 9.820727380590967837e-01
1.513828652572534338e+03 9.797982365309940711e-01
1.513829333566944115e+03 9.820083137142033847e-01
1.513830014761355415e+03 9.823255767054465126e-01
1.513830695855765953e+03 9.826697215159831966e-01
1.513831377050184528e+03 9.798616582199283220e-01
1.513832058144595067e+03 9.799266346329369437e-01
1.513832739239005605e+03 9.832616116167720577e-01
1.513833420333416143e+03 9.812370617779849757e-01
1.513834101527827443e+03 9.805180303232347017e-01
1.513834782522244495e+03 9.837374176616868748e-01
1.513835463616538618e+03 9.814728896437472372e-01
1.513836144810949918e+03 9.809024810288528018e-01
1.513836825905360456e+03 9.814408113606644113e-01
1.513837506999770994e+03 9.838077036399329733e-01
1.513838188194182294e+03 9.800390202788521465e-01
1.513838869288600108e+03 9.829125820481798836e-01
1.513839550383010646e+03 9.839652813940504839e-01
1.513840231577421946e+03 9.814259580877673361e-01
1.513840912571831723e+03 9.819892055551386889e-01
1.513841593666242261e+03 9.829755264221261557e-01
1.513842274760660075e+03 9.824755948807794015e-01
1.513842955955071375e+03 9.838602398394390436e-01
1.513843637049481913e+03 9.812146580792491246e-01
1.513844318143892451e+03 9.856192986878169471e-01
1.513844999338303751e+03 9.804959313268368781e-01
1.513845680432605150e+03 9.833169044606767661e-01
1.513846361427014926e+03 9.828006694156263823e-01
1.513847042621426226e+03 9.831820372447488410e-01
1.513847723715836764e+03 9.842528635328476883e-01
1.513848404810247303e+03 9.820229129398857504e-01
1.513849086004658602e+03 9.817656363630201666e-01
1.513849767099076416e+03 9.843014122582633973e-01
1.513850448293487716e+03 9.822482259062974563e-01
1.513851129387898254e+03 9.817033445956654392e-01
1.513851810382308031e+03 9.827241072741512706e-01
1.513852491476718569e+03 9.861949414064330455e-01
1.513853172671137145e+03 9.837429640115508134e-01
1.513853853765547683e+03 9.839474827971192994e-01
1.513854534859958221e+03 9.862620249886535628e-01
1.513855216054369521e+03 9.837804108754156784e-01
1.513855897148780059e+03 9.841069450175047306e-01
1.513856578343191359e+03 9.834094486124057566e-01
1.513857259437609173e+03 9.826376904008253810e-01
1.513857940432018950e+03 9.858343793610108152e-01
1.513858621526429488e+03 9.872330638472536224e-01
1.513859302720840788e+03 9.816870243039973465e-01
1.513859983815251326e+03 9.846604584439723196e-01
1.513860664909669140e+03 9.852453876026026069e-01
1.513861346104080440e+03 9.841210012605393631e-01
1.513862027198490978e+03 9.831395146645690586e-01
1.513862708292901516e+03 9.834250872959284795e-01
1.513863389387312054e+03 9.853300976919255882e-01
1.513864070481729868e+03 9.823962908961835216e-01
1.513864751576140407e+03 9.814197383455331991e-01
1.513865432770551706e+03 9.840652396019351489e-01
1.513866113864962244e+03 9.825256158359420011e-01
1.513866794959372783e+03 9.818805156331090744e-01
1.513867476153784082e+03 9.838983524320343843e-01
1.513868157248201896e+03 9.853166966076731814e-01
1.513868838242611673e+03 9.852076552369133378e-01
1.513869519337138627e+03 9.844522352428898282e-01
1.513870200531549926e+03 9.848187128730583328e-01
1.513870881625967741e+03 9.855764507260167395e-01
1.513871562720378279e+03 9.817970726506713985e-01
1.513872243914789578e+03 9.860814771684874858e-01
1.513872925009200117e+03 9.879226952238865378e-01
1.513873606103610655e+03 9.854902809471326464e-01
1.513874287198021193e+03 9.834703635269964606e-01
1.513874968292439007e+03 9.834042039589662165e-01
1.513875649386849545e+03 9.854754002565929705e-01
1.513876330481260084e+03 9.892401627161014899e-01
1.513877011675671383e+03 9.835736082742738695e-01
1.513877692770081921e+03 9.891607836679201515e-01
1.513878373964500497e+03 9.828218671810365903e-01
1.513879055058911035e+03 9.861363346492215687e-01
1.513879736153437989e+03 9.883596201857139940e-01
1.513880417147847766e+03 9.891520153638098112e-01
1.513881098342259065e+03 9.879552615104758573e-01
1.513881779436676879e+03 9.876990729048120699e-01
1.513882460631088179e+03 9.856864096171277234e-01
1.513883141725498717e+03 9.901900928833552440e-01
1.513883822819909255e+03 9.893540761756673962e-01
1.513884504014320555e+03 9.869735102479748612e-01
1.513885185108731093e+03 9.863149415761265359e-01
1.513885866103148146e+03 9.884118595211023317e-01
1.513886547297559446e+03 9.880824586412402244e-01
1.513887228392086399e+03 9.870216213011592243e-01
1.513887909486496937e+03 9.882465896419416751e-01
1.513888590680908237e+03 9.890692618841071537e-01
1.513889271775326051e+03 9.904825649412577482e-01
1.513889952869736589e+03 9.886986062544674825e-01
1.513890634064147889e+03 9.904973644390854259e-01
1.513891315058557666e+03 9.873790621282219071e-01
1.513891996152968204e+03 9.903946313205146401e-01
1.513892677347503195e+03 9.907169467597858326e-01
1.513893358441913733e+03 9.906182025265130031e-01
1.513894039536324271e+03 9.876813668092871978e-01
1.513894720630734810e+03 9.882310551909870844e-01
1.513895401825146109e+03 9.862619619768709933e-01
1.513896082919556648e+03 9.851568587136041444e-01
1.513896763913973700e+03 9.868944027616478598e-01
1.513897445108501415e+03 9.888913249362762947e-01
1.513898126202911953e+03 9.896024689184148571e-01
1.513898807297322492e+03 9.933350807650058734e-01
1.513899488491733791e+03 9.910617697634068746e-01
1.513900169586151605e+03 9.868031255520725020e-01
1.513900850680562144e+03 9.888183059502280159e-01
1.513901531875089859e+03 9.910180496711125109e-01
1.513902212969500397e+03 9.916992101726755937e-01
1.513902893963910174e+03 9.901914176191677353e-01
1.513903575058327988e+03 9.906094400924263521e-01
1.513904256252739287e+03 9.879634976066568042e-01
1.513904937347149826e+03 9.877394681340196936e-01
1.513905618541561125e+03 9.915527348318784462e-01
1.513906299636088079e+03 9.877531875720151344e-01
1.513906980730505893e+03 9.913928906692575094e-01
1.513907661924917193e+03 9.863589741190771365e-01
1.513908342919326969e+03 9.900089294868630319e-01
1.513909024013737508e+03 9.899871549375287572e-01
1.513909705108264461e+03 9.883820867221131401e-01
1.513910386302675761e+03 9.888403082067321881e-01
1.513911067397093575e+03 9.878397864779877580e-01
1.513911748591504875e+03 9.882983440241790429e-01
1.513912429685915413e+03 9.899088786280002550e-01
1.513913110780442366e+03 9.911983865912477043e-01
1.513913791774859419e+03 9.908599183042465786e-01
1.513914472969270719e+03 9.878821790457048557e-01
1.513915154063681257e+03 9.897648019373085360e-01
1.513915835258208972e+03 9.882401002973137949e-01
1.513916516352619510e+03 9.915043652664159435e-01
1.513917197447030048e+03 9.898601491443941303e-01
1.513917878541447863e+03 9.911693914337004196e-01
1.513918559735859162e+03 9.906266726270466227e-01
1.513919240730385354e+03 9.894268593624216956e-01
1.513919921924796654e+03 9.891555074953080062e-01
1.513920603019207192e+03 9.913088436325416808e-01
1.513921284113617730e+03 9.921256403562412896e-01
1.513921965208151960e+03 9.884797036883715693e-01
1.513922646402563259e+03 9.877137541071964177e-01
1.513923327496973798e+03 9.896815644755858621e-01
1.513924008591384336e+03 9.912699380398879434e-01
1.513924689785795636e+03 9.909144158159595150e-01
1.513925370780329104e+03 9.892205658571574522e-01
1.513926051874739642e+03 9.863902952275600544e-01
1.513926732969150180e+03 9.900759353008092845e-01
1.513927414163677895e+03 9.879627787527724969e-01
1.513928095258088433e+03 9.874735275169349569e-01
1.513928776352506247e+03 9.881405172898883871e-01
1.513929457546917547e+03 9.905985154488383682e-01
1.513930138641444501e+03 9.902754278997811799e-01
1.513930819635854277e+03 9.903142612681009593e-01
1.513931500830265577e+03 9.895010471366331162e-01
1.513932181924683391e+03 9.903997368958106229e-01
1.513932863019210345e+03 9.928597386118892532e-01
1.513933544213621644e+03 9.902918570164580547e-01
1.513934225308032183e+03 9.901307671335612959e-01
1.513934906402559136e+03 9.905882355623057967e-01
1.513935587596970436e+03 9.902834091985132092e-01
1.513936268591387488e+03 9.906620354130970529e-01
1.513936949685798027e+03 9.914692440851263777e-01
1.513937630880325742e+03 9.906729697289484715e-01
1.513938311974736280e+03 9.900620097271947140e-01
1.513938993069146818e+03 9.906464158026384581e-01
1.513939674263681809e+03 9.952972786926608251e-01
1.513940355358092347e+03 9.928551286118540986e-01
1.513941036552503647e+03 9.912099050649301191e-01
1.513941717547029839e+03 9.935571068108183246e-01
1.513942398641440377e+03 9.918663830091489775e-01
1.513943079735858191e+03 9.910613379781786358e-01
1.513943760930269491e+03 9.916549767561566586e-01
1.513944442024796444e+03 9.952439899632309350e-01
1.513945123119206983e+03 9.936780069784338920e-01
1.513945804313618282e+03 9.948660445108827854e-01
1.513946485408145236e+03 9.918190422941550732e-01
1.513947166502563050e+03 9.948908213711640247e-01
1.513947847596973588e+03 9.944231616685190733e-01
1.513948528691500542e+03 9.963499501456334340e-01
1.513949209785911080e+03 9.968928671966689192e-01
1.513949890980438795e+03 9.950963047720575716e-01
1.513950572074856609e+03 9.971539331087183600e-01
1.513951253169267147e+03 9.927701063942893089e-01
1.513951934363794862e+03 9.940191918101989321e-01
1.513952615458205401e+03 9.969672660505807249e-01
1.513953296452615177e+03 9.967139811060361509e-01
1.513953977547149407e+03 9.953447688818454209e-01
1.513954658741560706e+03 9.976186556941517569e-01
1.513955339835971245e+03 9.974951350001733941e-01
1.513956020930498198e+03 9.961987649391621513e-01
1.513956702124909498e+03 9.995355789832217619e-01
1.513957383219320036e+03 9.972885425272705051e-01
1.513958064313854265e+03 9.956131273585983044e-01
1.513958745408264804e+03 9.993052647497407959e-01
1.513959426502791757e+03 9.997671109930146294e-01
1.513960107597202295e+03 9.997269102909732696e-01
1.513960788691620110e+03 9.999522191267582460e-01
1.513961469886147825e+03 9.999014861683059863e-01
1.513962150980558363e+03 9.984154532204094767e-01
1.513962832174969662e+03 9.969562825084378188e-01
1.513963513269496616e+03 9.985808800334877722e-01
1.513964194463907916e+03 9.959909213977508058e-01
1.513964875358440622e+03 1.001076068584856760e+00
1.513965556552851922e+03 9.986805280491409809e-01
1.513966237647262460e+03 9.989830410297347862e-01
1.513966918841790175e+03 1.000734443962518538e+00
1.513967599936200713e+03 9.981507115842045419e-01
1.513968281030727667e+03 9.970731848177116774e-01
1.513968962225146242e+03 1.002106604687287739e+00
1.513969643319556781e+03 9.985231968795705848e-01
1.513970324314082973e+03 1.001997980452034254e+00
1.513971005508494272e+03 9.990782390295571691e-01
1.513971686603021226e+03 9.988555027346173176e-01
1.513972367697439040e+03 9.997746444703522473e-01
1.513973048891966755e+03 1.003015198086518289e+00
1.513973729986377293e+03 1.000511575133951947e+00
1.513974411080787831e+03 1.000776093753476870e+00
1.513975092275315546e+03 1.001484810559676530e+00
1.513975773269732599e+03 1.000827252595192229e+00
1.513976454364259553e+03 1.000174728400391011e+00
1.513977135558670852e+03 9.985513282802737089e-01
1.513977816653197806e+03 9.975653808694876501e-01
1.513978497747608344e+03 1.000233274394468630e+00
1.513979178942019644e+03 9.940200421039218082e-01
1.513979860036553873e+03 9.997908720098690472e-01
1.513980541130964411e+03 1.000686051827364809e+00
1.513981222125490604e+03 1.000773852438433753e+00
1.513981903319901903e+03 1.001073199061496277e+00
1.513982584414428857e+03 1.002942444396189181e+00
1.513983265508846671e+03 1.000289478796953846e+00
1.513983946703374386e+03 9.981188829913426597e-01
1.513984627797784924e+03 9.997507035530667219e-01
1.513985308892311878e+03 9.999795972706849723e-01
1.513985990086723177e+03 9.985373582088399314e-01
1.513986671181257407e+03 1.000104083958757828e+00
1.513987352175667183e+03 9.996606237684177998e-01
1.513988033270194137e+03 9.983981112346227427e-01
1.513988714464605437e+03 1.000497841827912016e+00
1.513989395559132390e+03 1.001300298190851645e+00
1.513990076753543690e+03 9.975971652707942283e-01
1.513990757848077919e+03 1.001506117956330266e+00
1.513991438942488458e+03 9.993412867118841580e-01
1.513992120137016173e+03 9.962752500099687492e-01
1.513992801131425949e+03 9.963306482182118229e-01
1.513993482225960179e+03 9.996484409469468257e-01
1.513994163320370717e+03 9.986440748661326028e-01
1.513994844514898432e+03 1.000903518481348620e+00
1.513995525609308970e+03 9.986984721391710673e-01
1.513996206803836685e+03 9.987344172856708058e-01
1.513996887898247223e+03 9.977212869345531976e-01
1.513997568992781453e+03 1.000145696234516102e+00
1.513998249987191230e+03 9.998076857766745595e-01
1.513998931181718945e+03 1.000940106462288703e+00
1.513999612276129483e+03 1.000085716623098531e+00
1.514000293470657198e+03 9.960147563904135914e-01
1.514000974565075012e+03 1.002587760213956791e+00
1.514001655659601965e+03 9.976322313888202897e-01
1.514002336854013265e+03 9.992806791786749132e-01
1.514003017948540219e+03 1.002763934789237421e+00
1.514003698942949995e+03 1.000243835191570563e+00
1.514004380137477710e+03 9.993144472118402621e-01
1.514005061232011940e+03 9.997995957060558103e-01
1.514005742326422478e+03 1.001523161251225202e+00
1.514006423420949432e+03 1.001776633961384499e+00
1.514007104615360731e+03 1.000314371763863397e+00
1.514007785709887685e+03 1.001030739354062060e+00
1.514008466804305499e+03 9.990676905033964994e-01
1.514009147998833214e+03 1.003006380533880471e+00
1.514009828993242991e+03 9.991009119432292529e-01
1.514010510087769944e+03 1.002266581156086689e+00
1.514011191282181244e+03 1.001771179955880831e+00
1.514011872376715473e+03 9.986761511020294524e-01
1.514012553471242427e+03 1.000615209935746597e+00
1.514013234565652965e+03 1.001322289260062393e+00
1.514013915760180680e+03 9.980536130501361791e-01
1.514014596854591218e+03 1.000991880727781336e+00
1.514015277849124686e+03 9.972232965843398356e-01
1.514015959043652401e+03 1.003814189090446396e+00
1.514016640138062940e+03 9.991322844298626826e-01
1.514017321232589893e+03 1.000566697244623215e+00
1.514018002427001193e+03 9.992434613478351491e-01
1.514018683521528146e+03 1.002553369255799298e+00
1.514019364616062376e+03 9.973101981621873557e-01
1.514020045810473675e+03 1.001111878207383343e+00
1.514020726804999867e+03 1.000051906641489019e+00
1.514021407899410406e+03 9.999922995535982517e-01
1.514022089093938121e+03 9.984764547048843308e-01
1.514022770188472350e+03 1.003476907843828370e+00
1.514023451282882888e+03 1.000990817486995255e+00
1.514024132477410603e+03 9.987832916431584884e-01
1.514024813571821142e+03 9.997683575662735800e-01
1.514025494766348857e+03 1.001475402839298035e+00
1.514026175760882325e+03 9.991835892933422780e-01
1.514026856855292863e+03 9.984723910133329605e-01
1.514027537949819816e+03 9.980016612739226467e-01
1.514028219144347531e+03 1.000029109924780890e+00
1.514028900238758069e+03 1.000027154765167126e+00
1.514029581433285784e+03 9.988975378703818242e-01
1.514030262527703599e+03 9.998751959341332096e-01
1.514030943622230552e+03 9.987771509983641716e-01
1.514031624716757506e+03 1.000159021985675301e+00
1.514032305811168044e+03 1.002294665068748314e+00
1.514032986905694997e+03 9.964177164588221558e-01
1.514033668000229227e+03 1.001816813973075648e+00
1.514034349194640527e+03 9.961060389697100614e-01
1.514035030289167480e+03 1.001757149831165039e+00
1.514035711383694434e+03 1.002194856361293684e+00
1.514037073672632687e+03 1.000233057582533780e+00
1.514037754667166155e+03 9.970142573580503820e-01
1.514038435861577454e+03 1.001662214598654677e+00
1.514039116956104408e+03 1.000784566087340677e+00
1.514039798050631362e+03 9.996385933016480596e-01
1.514040479145049176e+03 9.993649149750105654e-01
1.514041160339576891e+03 1.001990522048263665e+00
1.514041841434103844e+03 1.001113417401326977e+00
1.514042522528514382e+03 1.000430592786316852e+00
1.514043203623041336e+03 9.980407406505253931e-01
1.514043884717568289e+03 9.969502119430062592e-01
1.514044565811986104e+03 1.000017797411260956e+00
1.514045247006513819e+03 1.000632254496313767e+00
1.514045928101040772e+03 1.003092266499671315e+00
1.514046609195567726e+03 9.980049158348136551e-01
1.514047290389979025e+03 9.994442898275729403e-01
1.514047971484513255e+03 9.992125970050563799e-01
1.514048652679040970e+03 9.998731124730247943e-01
1.514049333573449985e+03 1.001863304850012737e+00
1.514050014767977700e+03 1.000527277240179203e+00
1.514050695862504654e+03 1.000643393855465524e+00
1.514051377056915953e+03 1.002108937809858435e+00
1.514052058151450183e+03 9.960132567077761845e-01
1.514052739245977136e+03 9.983678462676699450e-01
1.514053420440504851e+03 1.002318924638399222e+00
1.514054101534915389e+03 9.999556810651856198e-01
1.514054782529448858e+03 9.987348595396098316e-01
1.514055463723976573e+03 1.002442090673479003e+00
1.514056144818503526e+03 1.001002945219580775e+00
1.514056825912914064e+03 9.987815146833776137e-01
1.514057507107441779e+03 1.001052905621835576e+00
1.514058188201968733e+03 9.974353590102631451e-01
1.514058869296502962e+03 1.000467839042689100e+00
1.514059550490914262e+03 9.989285866879111797e-01
1.514060231485440454e+03 9.988722965065779391e-01
1.514060912579967408e+03 9.994193142237192129e-01
1.514061593774495122e+03 9.998753535563492667e-01
1.514062274868912937e+03 1.000854653505920178e+00
1.514062955963439890e+03 9.992711847375903567e-01
1.514063637157967605e+03 1.002680352917196149e+00
1.514064318252494559e+03 1.002450290147243184e+00
1.514064999346905097e+03 1.001215637155346005e+00
1.514065680441432050e+03 1.002065355433408023e+00
1.514066361535966280e+03 1.002874789832380209e+00
1.514067042630493233e+03 1.000844530289166867e+00
1.514067723724903772e+03 9.979089454836461703e-01
1.514068404919431487e+03 9.996999012800272810e-01
1.514069086013958440e+03 1.000886730695809801e+00
1.514069767108492670e+03 9.990108433362413498e-01
1.514070448303020385e+03 1.000241391858385898e+00
1.514071129397430923e+03 9.986898821655901815e-01
1.514071810391957115e+03 9.975325412446783835e-01
1.514072491486484068e+03 1.000642881657897165e+00
1.514073172681019059e+03 1.000860913416896203e+00
1.514073853775546013e+03 9.995693520802940712e-01
1.514074534869956551e+03 9.984224951846087937e-01
1.514075216064484266e+03 9.987660972029844819e-01
1.514075897159011220e+03 9.996355620652442875e-01
1.514076578353538935e+03 9.998712223443886327e-01
1.514077259348072403e+03 1.001381913022571624e+00
1.514077940442482941e+03 9.976269850230674585e-01
1.514078621537009894e+03 1.002981791981495174e+00
1.514079302731537609e+03 1.000238047790881435e+00
1.514079983826064563e+03 9.984953292305103201e-01
1.514080665020599554e+03 1.000272123690198356e+00
1.514081346115010092e+03 9.990584068185498490e-01
1.514082027209537046e+03 1.001048537074509470e+00
1.514082708204063238e+03 1.002067431220016402e+00
1.514083389398590953e+03 9.993689458915202550e-01
1.514084070493125182e+03 9.966007383772186312e-01
1.514084751687652897e+03 9.988972684820850434e-01
1.514085432782179851e+03 9.962574882334914728e-01
1.514086113876590389e+03 9.992200692242725335e-01
1.514086795071118104e+03 9.993232132856845196e-01
1.514087476165645057e+03 1.000379404427734986e+00
1.514088157160178525e+03 1.001150646572805725e+00
1.514088838354706240e+03 1.000045709247701753e+00
1.514089519449233194e+03 1.000973344258160092e+00
1.514090200543760147e+03 1.000462809821937693e+00
1.514090881738171447e+03 1.000279818462819215e+00
1.514091562832705677e+03 1.000961488733508764e+00
1.514092243927232630e+03 1.001480589278316069e+00
1.514092925021759584e+03 9.995816108047675952e-01
1.514093606216287299e+03 9.997334058252740352e-01
1.514094287210813491e+03 9.996379925958883694e-01
1.514094968305347720e+03 1.001003971591070352e+00
1.514095649499759020e+03 9.977310106872980811e-01
1.514096330594285973e+03 9.999981302613182299e-01
1.514097011688812927e+03 9.993099257259708823e-01
1.514097692883340642e+03 1.001969782728933556e+00
1.514098373977867595e+03 1.001486441445053277e+00
1.514099055072401825e+03 1.001033103137141111e+00
1.514099736066928017e+03 1.000249774330178587e+00
